----------------------------------------------------------------------------------------------------------------------------------------
      name:  <unnamed>
       log:  C:\Users\Tomi\Google Drive\ELTE\SZAKDOLGOZAT\BT_Szakdolgozat\from_stata\tables\crosstabs.txt
  log type:  text
 opened on:  10 Apr 2016, 01:22:35
r; t=0.00 1:22:35

. 
. local vars "E1 E2 I1 I2 F1 F2"
r; t=0.00 1:22:35

. 
. 
. 
. 
. foreach var1 of local vars {
  2. foreach var2 of local vars {
  3. 
. tab `var1' `var2'
  4. 
. }
  5. }

           |                           E1
        E1 |         0          1          2          3          5 |     Total
-----------+-------------------------------------------------------+----------
         0 |       743          0          0          0          0 |       743 
         1 |         0        194          0          0          0 |       194 
         2 |         0          0         57          0          0 |        57 
         3 |         0          0          0         13          0 |        13 
         5 |         0          0          0          0          2 |         2 
-----------+-------------------------------------------------------+----------
     Total |       743        194         57         13          2 |     1,009 


           |                                E2
        E1 |         0          1          2          3          4          5 |     Total
-----------+------------------------------------------------------------------+----------
         0 |       678         60          5          0          0          0 |       743 
         1 |        33        129         32          0          0          0 |       194 
         2 |         4         17         34          2          0          0 |        57 
         3 |         2          0          6          2          3          0 |        13 
         5 |         0          0          0          0          0          2 |         2 
-----------+------------------------------------------------------------------+----------
     Total |       717        206         77          4          3          2 |     1,009 


           |                                I1
        E1 |         0          1          2          3          4          5 |     Total
-----------+------------------------------------------------------------------+----------
         0 |       677         58          8          0          0          0 |       743 
         1 |        26        163          5          0          0          0 |       194 
         2 |         1          6         46          2          2          0 |        57 
         3 |         0          1          5          5          2          0 |        13 
         5 |         0          0          0          0          0          2 |         2 
-----------+------------------------------------------------------------------+----------
     Total |       704        228         64          7          4          2 |     1,009 


           |                           I2
        E1 |         0          1          2          3          5 |     Total
-----------+-------------------------------------------------------+----------
         0 |       649         78         16          0          0 |       743 
         1 |        27        132         32          3          0 |       194 
         2 |         5         15         36          1          0 |        57 
         3 |         2          0          6          5          0 |        13 
         5 |         0          0          0          0          2 |         2 
-----------+-------------------------------------------------------+----------
     Total |       683        225         90          9          2 |     1,009 


           |                                F1
        E1 |         0          1          2          3          4          5 |     Total
-----------+------------------------------------------------------------------+----------
         0 |       694         44          5          0          0          0 |       743 
         1 |        31        158          5          0          0          0 |       194 
         2 |         1          8         43          5          0          0 |        57 
         3 |         0          0          6          6          1          0 |        13 
         5 |         0          0          0          0          0          2 |         2 
-----------+------------------------------------------------------------------+----------
     Total |       726        210         59         11          1          2 |     1,009 


           |                                F2
        E1 |         0          1          2          3          4          5 |     Total
-----------+------------------------------------------------------------------+----------
         0 |       665         68         10          0          0          0 |       743 
         1 |        29        136         26          3          0          0 |       194 
         2 |         5         16         34          2          0          0 |        57 
         3 |         2          0          6          2          3          0 |        13 
         5 |         0          0          0          0          0          2 |         2 
-----------+------------------------------------------------------------------+----------
     Total |       701        220         76          7          3          2 |     1,009 


           |                           E1
        E2 |         0          1          2          3          5 |     Total
-----------+-------------------------------------------------------+----------
         0 |       678         33          4          2          0 |       717 
         1 |        60        129         17          0          0 |       206 
         2 |         5         32         34          6          0 |        77 
         3 |         0          0          2          2          0 |         4 
         4 |         0          0          0          3          0 |         3 
         5 |         0          0          0          0          2 |         2 
-----------+-------------------------------------------------------+----------
     Total |       743        194         57         13          2 |     1,009 


           |                                E2
        E2 |         0          1          2          3          4          5 |     Total
-----------+------------------------------------------------------------------+----------
         0 |       717          0          0          0          0          0 |       717 
         1 |         0        206          0          0          0          0 |       206 
         2 |         0          0         77          0          0          0 |        77 
         3 |         0          0          0          4          0          0 |         4 
         4 |         0          0          0          0          3          0 |         3 
         5 |         0          0          0          0          0          2 |         2 
-----------+------------------------------------------------------------------+----------
     Total |       717        206         77          4          3          2 |     1,009 


           |                                I1
        E2 |         0          1          2          3          4          5 |     Total
-----------+------------------------------------------------------------------+----------
         0 |       638         67          7          2          3          0 |       717 
         1 |        65        125         16          0          0          0 |       206 
         2 |         1         35         40          1          0          0 |        77 
         3 |         0          1          1          1          1          0 |         4 
         4 |         0          0          0          3          0          0 |         3 
         5 |         0          0          0          0          0          2 |         2 
-----------+------------------------------------------------------------------+----------
     Total |       704        228         64          7          4          2 |     1,009 


           |                           I2
        E2 |         0          1          2          3          5 |     Total
-----------+-------------------------------------------------------+----------
         0 |       666         45          6          0          0 |       717 
         1 |        17        173         16          0          0 |       206 
         2 |         0          7         67          3          0 |        77 
         3 |         0          0          1          3          0 |         4 
         4 |         0          0          0          3          0 |         3 
         5 |         0          0          0          0          2 |         2 
-----------+-------------------------------------------------------+----------
     Total |       683        225         90          9          2 |     1,009 


           |                                F1
        E2 |         0          1          2          3          4          5 |     Total
-----------+------------------------------------------------------------------+----------
         0 |       654         53          6          4          0          0 |       717 
         1 |        67        126         11          2          0          0 |       206 
         2 |         5         31         40          1          0          0 |        77 
         3 |         0          0          2          1          1          0 |         4 
         4 |         0          0          0          3          0          0 |         3 
         5 |         0          0          0          0          0          2 |         2 
-----------+------------------------------------------------------------------+----------
     Total |       726        210         59         11          1          2 |     1,009 


           |                                F2
        E2 |         0          1          2          3          4          5 |     Total
-----------+------------------------------------------------------------------+----------
         0 |       684         31          2          0          0          0 |       717 
         1 |        16        184          6          0          0          0 |       206 
         2 |         1          5         68          3          0          0 |        77 
         3 |         0          0          0          4          0          0 |         4 
         4 |         0          0          0          0          3          0 |         3 
         5 |         0          0          0          0          0          2 |         2 
-----------+------------------------------------------------------------------+----------
     Total |       701        220         76          7          3          2 |     1,009 


           |                           E1
        I1 |         0          1          2          3          5 |     Total
-----------+-------------------------------------------------------+----------
         0 |       677         26          1          0          0 |       704 
         1 |        58        163          6          1          0 |       228 
         2 |         8          5         46          5          0 |        64 
         3 |         0          0          2          5          0 |         7 
         4 |         0          0          2          2          0 |         4 
         5 |         0          0          0          0          2 |         2 
-----------+-------------------------------------------------------+----------
     Total |       743        194         57         13          2 |     1,009 


           |                                E2
        I1 |         0          1          2          3          4          5 |     Total
-----------+------------------------------------------------------------------+----------
         0 |       638         65          1          0          0          0 |       704 
         1 |        67        125         35          1          0          0 |       228 
         2 |         7         16         40          1          0          0 |        64 
         3 |         2          0          1          1          3          0 |         7 
         4 |         3          0          0          1          0          0 |         4 
         5 |         0          0          0          0          0          2 |         2 
-----------+------------------------------------------------------------------+----------
     Total |       717        206         77          4          3          2 |     1,009 


           |                                I1
        I1 |         0          1          2          3          4          5 |     Total
-----------+------------------------------------------------------------------+----------
         0 |       704          0          0          0          0          0 |       704 
         1 |         0        228          0          0          0          0 |       228 
         2 |         0          0         64          0          0          0 |        64 
         3 |         0          0          0          7          0          0 |         7 
         4 |         0          0          0          0          4          0 |         4 
         5 |         0          0          0          0          0          2 |         2 
-----------+------------------------------------------------------------------+----------
     Total |       704        228         64          7          4          2 |     1,009 


           |                           I2
        I1 |         0          1          2          3          5 |     Total
-----------+-------------------------------------------------------+----------
         0 |       624         71          9          0          0 |       704 
         1 |        53        133         39          3          0 |       228 
         2 |         1         21         41          1          0 |        64 
         3 |         2          0          1          4          0 |         7 
         4 |         3          0          0          1          0 |         4 
         5 |         0          0          0          0          2 |         2 
-----------+-------------------------------------------------------+----------
     Total |       683        225         90          9          2 |     1,009 


           |                                F1
        I1 |         0          1          2          3          4          5 |     Total
-----------+------------------------------------------------------------------+----------
         0 |       693         11          0          0          0          0 |       704 
         1 |        33        190          5          0          0          0 |       228 
         2 |         0          9         53          2          0          0 |        64 
         3 |         0          0          1          6          0          0 |         7 
         4 |         0          0          0          3          1          0 |         4 
         5 |         0          0          0          0          0          2 |         2 
-----------+------------------------------------------------------------------+----------
     Total |       726        210         59         11          1          2 |     1,009 


           |                                F2
        I1 |         0          1          2          3          4          5 |     Total
-----------+------------------------------------------------------------------+----------
         0 |       638         63          3          0          0          0 |       704 
         1 |        57        134         33          4          0          0 |       228 
         2 |         1         23         39          1          0          0 |        64 
         3 |         2          0          1          1          3          0 |         7 
         4 |         3          0          0          1          0          0 |         4 
         5 |         0          0          0          0          0          2 |         2 
-----------+------------------------------------------------------------------+----------
     Total |       701        220         76          7          3          2 |     1,009 


           |                           E1
        I2 |         0          1          2          3          5 |     Total
-----------+-------------------------------------------------------+----------
         0 |       649         27          5          2          0 |       683 
         1 |        78        132         15          0          0 |       225 
         2 |        16         32         36          6          0 |        90 
         3 |         0          3          1          5          0 |         9 
         5 |         0          0          0          0          2 |         2 
-----------+-------------------------------------------------------+----------
     Total |       743        194         57         13          2 |     1,009 


           |                                E2
        I2 |         0          1          2          3          4          5 |     Total
-----------+------------------------------------------------------------------+----------
         0 |       666         17          0          0          0          0 |       683 
         1 |        45        173          7          0          0          0 |       225 
         2 |         6         16         67          1          0          0 |        90 
         3 |         0          0          3          3          3          0 |         9 
         5 |         0          0          0          0          0          2 |         2 
-----------+------------------------------------------------------------------+----------
     Total |       717        206         77          4          3          2 |     1,009 


           |                                I1
        I2 |         0          1          2          3          4          5 |     Total
-----------+------------------------------------------------------------------+----------
         0 |       624         53          1          2          3          0 |       683 
         1 |        71        133         21          0          0          0 |       225 
         2 |         9         39         41          1          0          0 |        90 
         3 |         0          3          1          4          1          0 |         9 
         5 |         0          0          0          0          0          2 |         2 
-----------+------------------------------------------------------------------+----------
     Total |       704        228         64          7          4          2 |     1,009 


           |                           I2
        I2 |         0          1          2          3          5 |     Total
-----------+-------------------------------------------------------+----------
         0 |       683          0          0          0          0 |       683 
         1 |         0        225          0          0          0 |       225 
         2 |         0          0         90          0          0 |        90 
         3 |         0          0          0          9          0 |         9 
         5 |         0          0          0          0          2 |         2 
-----------+-------------------------------------------------------+----------
     Total |       683        225         90          9          2 |     1,009 


           |                                F1
        I2 |         0          1          2          3          4          5 |     Total
-----------+------------------------------------------------------------------+----------
         0 |       633         43          3          4          0          0 |       683 
         1 |        80        129         14          2          0          0 |       225 
         2 |        10         38         41          1          0          0 |        90 
         3 |         3          0          1          4          1          0 |         9 
         5 |         0          0          0          0          0          2 |         2 
-----------+------------------------------------------------------------------+----------
     Total |       726        210         59         11          1          2 |     1,009 


           |                                F2
        I2 |         0          1          2          3          4          5 |     Total
-----------+------------------------------------------------------------------+----------
         0 |       669         14          0          0          0          0 |       683 
         1 |        31        192          2          0          0          0 |       225 
         2 |         1         14         74          1          0          0 |        90 
         3 |         0          0          0          6          3          0 |         9 
         5 |         0          0          0          0          0          2 |         2 
-----------+------------------------------------------------------------------+----------
     Total |       701        220         76          7          3          2 |     1,009 


           |                           E1
        F1 |         0          1          2          3          5 |     Total
-----------+-------------------------------------------------------+----------
         0 |       694         31          1          0          0 |       726 
         1 |        44        158          8          0          0 |       210 
         2 |         5          5         43          6          0 |        59 
         3 |         0          0          5          6          0 |        11 
         4 |         0          0          0          1          0 |         1 
         5 |         0          0          0          0          2 |         2 
-----------+-------------------------------------------------------+----------
     Total |       743        194         57         13          2 |     1,009 


           |                                E2
        F1 |         0          1          2          3          4          5 |     Total
-----------+------------------------------------------------------------------+----------
         0 |       654         67          5          0          0          0 |       726 
         1 |        53        126         31          0          0          0 |       210 
         2 |         6         11         40          2          0          0 |        59 
         3 |         4          2          1          1          3          0 |        11 
         4 |         0          0          0          1          0          0 |         1 
         5 |         0          0          0          0          0          2 |         2 
-----------+------------------------------------------------------------------+----------
     Total |       717        206         77          4          3          2 |     1,009 


           |                                I1
        F1 |         0          1          2          3          4          5 |     Total
-----------+------------------------------------------------------------------+----------
         0 |       693         33          0          0          0          0 |       726 
         1 |        11        190          9          0          0          0 |       210 
         2 |         0          5         53          1          0          0 |        59 
         3 |         0          0          2          6          3          0 |        11 
         4 |         0          0          0          0          1          0 |         1 
         5 |         0          0          0          0          0          2 |         2 
-----------+------------------------------------------------------------------+----------
     Total |       704        228         64          7          4          2 |     1,009 


           |                           I2
        F1 |         0          1          2          3          5 |     Total
-----------+-------------------------------------------------------+----------
         0 |       633         80         10          3          0 |       726 
         1 |        43        129         38          0          0 |       210 
         2 |         3         14         41          1          0 |        59 
         3 |         4          2          1          4          0 |        11 
         4 |         0          0          0          1          0 |         1 
         5 |         0          0          0          0          2 |         2 
-----------+-------------------------------------------------------+----------
     Total |       683        225         90          9          2 |     1,009 


           |                                F1
        F1 |         0          1          2          3          4          5 |     Total
-----------+------------------------------------------------------------------+----------
         0 |       726          0          0          0          0          0 |       726 
         1 |         0        210          0          0          0          0 |       210 
         2 |         0          0         59          0          0          0 |        59 
         3 |         0          0          0         11          0          0 |        11 
         4 |         0          0          0          0          1          0 |         1 
         5 |         0          0          0          0          0          2 |         2 
-----------+------------------------------------------------------------------+----------
     Total |       726        210         59         11          1          2 |     1,009 


           |                                F2
        F1 |         0          1          2          3          4          5 |     Total
-----------+------------------------------------------------------------------+----------
         0 |       655         65          3          3          0          0 |       726 
         1 |        39        139         32          0          0          0 |       210 
         2 |         3         14         40          2          0          0 |        59 
         3 |         4          2          1          1          3          0 |        11 
         4 |         0          0          0          1          0          0 |         1 
         5 |         0          0          0          0          0          2 |         2 
-----------+------------------------------------------------------------------+----------
     Total |       701        220         76          7          3          2 |     1,009 


           |                           E1
        F2 |         0          1          2          3          5 |     Total
-----------+-------------------------------------------------------+----------
         0 |       665         29          5          2          0 |       701 
         1 |        68        136         16          0          0 |       220 
         2 |        10         26         34          6          0 |        76 
         3 |         0          3          2          2          0 |         7 
         4 |         0          0          0          3          0 |         3 
         5 |         0          0          0          0          2 |         2 
-----------+-------------------------------------------------------+----------
     Total |       743        194         57         13          2 |     1,009 


           |                                E2
        F2 |         0          1          2          3          4          5 |     Total
-----------+------------------------------------------------------------------+----------
         0 |       684         16          1          0          0          0 |       701 
         1 |        31        184          5          0          0          0 |       220 
         2 |         2          6         68          0          0          0 |        76 
         3 |         0          0          3          4          0          0 |         7 
         4 |         0          0          0          0          3          0 |         3 
         5 |         0          0          0          0          0          2 |         2 
-----------+------------------------------------------------------------------+----------
     Total |       717        206         77          4          3          2 |     1,009 


           |                                I1
        F2 |         0          1          2          3          4          5 |     Total
-----------+------------------------------------------------------------------+----------
         0 |       638         57          1          2          3          0 |       701 
         1 |        63        134         23          0          0          0 |       220 
         2 |         3         33         39          1          0          0 |        76 
         3 |         0          4          1          1          1          0 |         7 
         4 |         0          0          0          3          0          0 |         3 
         5 |         0          0          0          0          0          2 |         2 
-----------+------------------------------------------------------------------+----------
     Total |       704        228         64          7          4          2 |     1,009 


           |                           I2
        F2 |         0          1          2          3          5 |     Total
-----------+-------------------------------------------------------+----------
         0 |       669         31          1          0          0 |       701 
         1 |        14        192         14          0          0 |       220 
         2 |         0          2         74          0          0 |        76 
         3 |         0          0          1          6          0 |         7 
         4 |         0          0          0          3          0 |         3 
         5 |         0          0          0          0          2 |         2 
-----------+-------------------------------------------------------+----------
     Total |       683        225         90          9          2 |     1,009 


           |                                F1
        F2 |         0          1          2          3          4          5 |     Total
-----------+------------------------------------------------------------------+----------
         0 |       655         39          3          4          0          0 |       701 
         1 |        65        139         14          2          0          0 |       220 
         2 |         3         32         40          1          0          0 |        76 
         3 |         3          0          2          1          1          0 |         7 
         4 |         0          0          0          3          0          0 |         3 
         5 |         0          0          0          0          0          2 |         2 
-----------+------------------------------------------------------------------+----------
     Total |       726        210         59         11          1          2 |     1,009 


           |                                F2
        F2 |         0          1          2          3          4          5 |     Total
-----------+------------------------------------------------------------------+----------
         0 |       701          0          0          0          0          0 |       701 
         1 |         0        220          0          0          0          0 |       220 
         2 |         0          0         76          0          0          0 |        76 
         3 |         0          0          0          7          0          0 |         7 
         4 |         0          0          0          0          3          0 |         3 
         5 |         0          0          0          0          0          2 |         2 
-----------+------------------------------------------------------------------+----------
     Total |       701        220         76          7          3          2 |     1,009 

r; t=0.07 1:22:35

. *
. 
. log close
      name:  <unnamed>
       log:  C:\Users\Tomi\Google Drive\ELTE\SZAKDOLGOZAT\BT_Szakdolgozat\from_stata\tables\crosstabs.txt
  log type:  text
 closed on:  10 Apr 2016, 01:22:35
----------------------------------------------------------------------------------------------------------------------------------------
